1.5 0.0058913
2.5 0.0113174
3.5 0.0155031
4.5 0.0181542
5.5 0.0196257
6.5 0.0205217
7.5 0.0211995
8.5 0.0217728
9.5 0.022275
10.5 0.0227222
11.5 0.0231251
12.5 0.0234917
13.5 0.0238281
14.5 0.024139
15.5 0.0244281
16.5 0.0246981
17.5 0.0249516
18.5 0.0251904
19.5 0.025416
20.5 0.02563
21.5 0.0258335
22.5 0.0260274
23.5 0.0262126
24.5 0.0263899
25.5 0.0265599
26.5 0.0267232
27.5 0.0268803
28.5 0.0270316
29.5 0.0271776
30.5 0.0273186
31.5 0.027455
32.5 0.0275871
33.5 0.027715
34.5 0.0278392
35.5 0.0279597
36.5 0.0280768
37.5 0.0281907
38.5 0.0283016
39.5 0.0284095
40.5 0.0285147
41.5 0.0286174
42.5 0.0287175
43.5 0.0288152
44.5 0.0289095
45.5 0.0289956
46.5 0.0290617
47.5 0.0291011
48.5 0.0291272
49.5 0.0291466
